Function A: ADD 503
Function B: MULTIPLY 63
Function C: RAISE TO THE POWER OF 3

5046
4391
5721
5717
1599
8448
9141
5806
7315
1989
7509
3863
5497
5508
5143
5721
7515
7296
1539
7324
9587
6651
3836
5558
5163
6590
9891
2169
7145
8996
8044
3590
5132
9093
1282
9732
9913
8196
3103
4540
9613
7909
4386
5104
7390
7469
9847
7605
4188
2177
3664
1475
3794
3214
3611
1148
2426
7753
8627
6018
1176
4821
8774
6051
3141
8577
6087
2489
5894
2500
1922
3130
9092
8164
4911
6592
4304
4221
6351
9515
6944
3604
6689
5111
8784
2061
8941
2991
6730
9851
9757
6311
9113
3116
6075
5156
3893
6290
1478
1068
9030
